249
248
250
251
252
253
35
36
37
38
39
141
142
143
144
145
261
254
258
255
256
257
259
260
40
57
41
42
45
43
44
48
46
47
51
49
50
52
53
54
56
55
146
147
167
148
149
150
153
151
152
156
154
155
159
157
158
160
161
162
163
166
165
164
192
199
193
194
197
196
195
198
200
201
171
187
172
173
176
174
175
179
177
178
182
180
181
185
183
184
186
203
217
204
205
206
207
209
208
211
210
212
214
213
216
215
222
243
223
224
225
226
227
239
237
236
229
228
231
230
233
232
235
234
238
241
240
242
1
2
3
4
5
6
7
8
9
29
10
11
12
13
14
25
23
22
15
16
17
18
19
20
21
24
27
26
28
58
59
83
90
84
85
88
87
86
89
91
92
61
78
62
63
66
64
65
69
67
68
72
70
71
75
73
74
76
77
95
110
96
97
98
99
101
100
103
102
105
104
107
106
109
108
111
112
115
136
116
117
118
119
120
132
130
129
122
121
124
123
126
125
128
127
131
134
133
135
