242
241
243
244
245
246
35
36
37
38
39
137
138
139
140
141
254
247
251
248
249
250
252
253
40
57
41
42
45
43
44
48
46
47
51
49
50
52
53
54
56
55
142
143
163
144
145
146
149
147
148
152
150
151
155
153
154
156
157
158
159
162
161
160
187
194
188
189
192
191
190
193
195
196
167
183
168
169
172
170
171
175
173
174
178
176
177
181
179
180
182
198
212
199
200
201
202
204
203
206
205
207
209
208
211
210
216
237
217
218
219
220
221
233
231
230
223
222
225
224
227
226
229
228
232
235
234
236
1
2
3
4
5
6
7
8
9
29
10
11
12
13
14
25
23
22
15
16
17
18
19
20
21
24
27
26
28
58
59
82
89
83
84
87
86
85
88
90
91
61
78
62
63
66
64
65
69
67
68
72
70
71
75
73
74
76
77
93
108
94
95
96
97
99
98
101
100
103
102
105
104
107
106
109
110
112
133
113
114
115
116
117
129
127
126
119
118
121
120
123
122
125
124
128
131
130
132
