243
242
244
245
246
247
36
37
38
39
40
138
139
140
141
142
255
248
252
249
250
251
253
254
41
58
42
43
46
44
45
49
47
48
52
50
51
53
54
55
57
56
143
144
164
145
146
147
150
148
149
153
151
152
156
154
155
157
158
159
160
163
162
161
188
195
189
190
193
192
191
194
196
197
168
184
169
170
173
171
172
176
174
175
179
177
178
182
180
181
183
199
213
200
201
202
203
205
204
207
206
208
210
209
212
211
217
238
218
219
220
221
222
234
232
231
224
223
226
225
228
227
230
229
233
236
235
237
1
2
3
4
5
6
7
8
9
31
10
11
12
13
14
25
23
22
15
16
17
18
19
20
21
24
27
26
29
28
30
33
32
34
59
60
83
90
84
85
88
87
86
89
91
92
62
79
63
64
67
65
66
70
68
69
73
71
72
76
74
75
77
78
94
109
95
96
97
98
100
99
102
101
104
103
106
105
108
107
110
111
113
134
114
115
116
117
118
130
128
127
120
119
122
121
124
123
126
125
129
132
131
133
